## 指数-行业

| 代码   | 收益率    | 波动率   | 夏普排名 |   名称
|------|----------|----------|---------|--------|
801010 | 1.910502 | 0.019379 | 15.0  | 农林牧渔 
801020 | 0.466488 | 0.020695 | 42.0  | 采掘 
801030 | 1.424399 | 0.017597 | 27.0  | 化工 
801040 | 0.863922 | 0.019240 | 40.0  | 钢铁 
801050 | 0.877219 | 0.021706 | 39.0  | 有色金属 
801080 | 3.358291 | 0.020441 | 4.0   | 电子元器件
801110 | 3.993141 | 0.018478 | 2.0   | 家用电器
801120 | 2.611990 | 0.016713 | 5.0   | 食品饮料
801130 | 1.002065 | 0.018551 | 37.0  | 纺织服装 
801140 | 1.399838 | 0.018208 | 31.0  | 轻工制造 
801150 | 2.425028 | 0.017353 | 6.0   | 医药生物
801160 | 1.152293 | 0.016661 | 36.0  | 公用事业 
801170 | 1.249332 | 0.017259 | 33.0  | 交通运输 
801180 | 1.826242 | 0.019964 | 20.0  | 房地产 
801200 | 0.916008 | 0.017916 | 38.0  | 商业贸易 
801210 | 2.247822 | 0.019328 | 10.0  | 餐饮旅游 
801230 | 1.315551 | 0.019194 | 32.0  | 综合 

|        | 801010   | 801020   | 801030   | 801040   | 801050   | 801080   | 801110   | 801120   | 801130   | 801140   | 801150   | 801160   | 801170   | 801180   | 801200   | 801210   | 801230   |
|--------|----------|----------|----------|----------|----------|----------|----------|----------|----------|----------|----------|----------|----------|----------|----------|----------|----------|
| 801010 | 1.000000 | 0.709159 | 0.862090 | 0.706513 | 0.762528 | 0.843727 | 0.769591 | 0.739484 | 0.872009 | 0.870476 | 0.835356 | 0.823352 | 0.806956 | 0.734731 | 0.860790 | 0.787732 | 0.862702 |
| 801020 | 0.709159 | 1.000000 | 0.821200 | 0.776890 | 0.820220 | 0.715817 | 0.712270 | 0.660795 | 0.756756 | 0.762665 | 0.687197 | 0.788308 | 0.798707 | 0.723498 | 0.764325 | 0.676132 | 0.748665 |
| 801030 | 0.862090 | 0.821200 | 1.000000 | 0.816210 | 0.850858 | 0.893424 | 0.832988 | 0.781011 | **0.920206** | **0.924888** | 0.871855 | **0.904017** | 0.895110 | 0.814771 | 0.913139 | 0.829217 | **0.910768** |
| 801040 | 0.706513 | 0.776890 | 0.816210 | 1.000000 | 0.770104 | 0.704780 | 0.721345 | 0.661248 | 0.765452 | 0.776461 | 0.692715 | 0.805749 | 0.820474 | 0.736941 | 0.759204 | 0.679198 | 0.746847 |
| 801050 | 0.762528 | 0.820220 | 0.850858 | 0.770104 | 1.000000 | 0.784532 | 0.731997 | 0.698169 | 0.814007 | 0.819595 | 0.740688 | 0.801390 | 0.804537 | 0.738586 | 0.815512 | 0.730497 | 0.811835 |
| 801080 | 0.843727 | 0.715817 | 0.893424 | 0.704780 | 0.784532 | 1.000000 | 0.816858 | 0.750595 | 0.896773 | **0.908135** | 0.875306 | 0.847730 | 0.824650 | 0.752835 | 0.885854 | 0.822261 | **0.907084** |
| 801110 | 0.769591 | 0.712270 | 0.832988 | 0.721345 | 0.731997 | 0.816858 | 1.000000 | 0.775538 | 0.826502 | 0.833389 | 0.807236 | 0.811494 | 0.816885 | 0.764662 | 0.834708 | 0.765726 | 0.809267 |
| 801120 | 0.739484 | 0.660795 | 0.781011 | 0.661248 | 0.698169 | 0.750595 | 0.775538 | 1.000000 | 0.769727 | 0.773344 | 0.798936 | 0.751114 | 0.767012 | 0.687570 | 0.805133 | 0.747581 | 0.745706 |
| 801130 | 0.872009 | 0.756756 | 0.920206 | 0.765452 | 0.814007 | 0.896773 | 0.826502 | 0.769727 | 1.000000 | **0.932267** | 0.880875 | 0.882830 | 0.875970 | 0.812267 | 0.918976 | 0.846859 | **0.932522**|
| 801140 | 0.870476 | 0.762665 | 0.924888 | 0.776461 | 0.819595 | 0.908135 | 0.833389 | 0.773344 | 0.932267 | 1.000000 | 0.884695 | 0.882871 | 0.881910 | 0.803073 | 0.916775 | 0.851382 | **0.930788** |
| 801150 | 0.835356 | 0.687197 | 0.871855 | 0.692715 | 0.740688 | 0.875306 | 0.807236 | 0.798936 | 0.880875 | 0.884695 | 1.000000 | 0.835155 | 0.813188 | 0.729357 | 0.881986 | 0.815373 | 0.865528 |
| 801160 | 0.823352 | 0.788308 | 0.904017 | 0.805749 | 0.801390 | 0.847730 | 0.811494 | 0.751114 | 0.882830 | 0.882871 | 0.835155 | 1.000000 | 0.894201 | 0.790232 | 0.876076 | 0.791522 | 0.874001 |
| 801170 | 0.806956 | 0.798707 | 0.895110 | 0.820474 | 0.804537 | 0.824650 | 0.816885 | 0.767012 | 0.875970 | 0.881910 | 0.813188 | 0.894201 | 1.000000 | 0.813643 | 0.880465 | 0.803223 | 0.862526 |
| 801180 | 0.734731 | 0.723498 | 0.814771 | 0.736941 | 0.738586 | 0.752835 | 0.764662 | 0.687570 | 0.812267 | 0.803073 | 0.729357 | 0.790232 | 0.813643 | 1.000000 | 0.814399 | 0.784357 | 0.814959 |
| 801200 | 0.860790 | 0.764325 | 0.913139 | 0.759204 | 0.815512 | 0.885854 | 0.834708 | 0.805133 | 0.918976 | 0.916775 | 0.881986 | 0.876076 | 0.880465 | 0.814399 | 1.000000 | 0.849476 | **0.913575** |
| 801210 | 0.787732 | 0.676132 | 0.829217 | 0.679198 | 0.730497 | 0.822261 | 0.765726 | 0.747581 | 0.846859 | 0.851382 | 0.815373 | 0.791522 | 0.803223 | 0.784357 | 0.849476 | 1.000000 | 0.840154 |
| 801230 | 0.862702 | 0.748665 | 0.910768 | 0.746847 | 0.811835 | 0.907084 | 0.809267 | 0.745706 | 0.932522 | 0.930788 | 0.865528 | 0.874001 | 0.862526 | 0.814959 | 0.913575 | 0.840154 | 1.000000 |

801030 化工 801140 轻工制造 这两个类别比较多余 801230 综合 可以去掉

|        | 801010   | 801020   | 801030   | 801040   | 801050   | 801080   | 801110   | 801120   | 801130   | 801140   | 801150   | 801160   | 801170   | 801180   | 801200   | 801210   | 801230   |
|--------|----------|----------|----------|----------|----------|----------|----------|----------|----------|----------|----------|----------|----------|----------|----------|----------|----------|
| 801010 | 1.000000 | 0.709159 | 0.862090 | 0.706513 | 0.762528 | 0.843727 | 0.769591 | 0.739484 | 0.872009 | 0.870476 | 0.835356 | 0.823352 | 0.806956 | 0.734731 | 0.860790 | 0.787732 | 0.862702 |
| 801020 | 0.709159 | 1.000000 | 0.821200 | 0.776890 | 0.820220 | 0.715817 | 0.712270 | **0.660795** | 0.756756 | 0.762665 | **0.687197** | 0.788308 | 0.798707 | 0.723498 | 0.764325 | 0.676132 | 0.748665 |
| 801030 | 0.862090 | 0.821200 | 1.000000 | 0.816210 | 0.850858 | 0.893424 | 0.832988 | 0.781011 | 0.920206 | 0.924888 | 0.871855 | 0.904017 | 0.895110 | 0.814771 | 0.913139 | 0.829217 | 0.910768 |
| 801040 | 0.706513 | 0.776890 | 0.816210 | 1.000000 | 0.770104 | 0.704780 | 0.721345 | **0.661248** | 0.765452 | 0.776461 | **0.692715** | 0.805749 | 0.820474 | 0.736941 | 0.759204 | 0.679198 | 0.746847 |
| 801050 | 0.762528 | 0.820220 | 0.850858 | 0.770104 | 1.000000 | 0.784532 | 0.731997 | 0.698169 | 0.814007 | 0.819595 | 0.740688 | 0.801390 | 0.804537 | 0.738586 | 0.815512 | 0.730497 | 0.811835 |
| 801080 | 0.843727 | 0.715817 | 0.893424 | 0.704780 | 0.784532 | 1.000000 | 0.816858 | 0.750595 | 0.896773 | 0.908135 | 0.875306 | 0.847730 | 0.824650 | 0.752835 | 0.885854 | 0.822261 | 0.907084 |
| 801110 | 0.769591 | 0.712270 | 0.832988 | 0.721345 | 0.731997 | 0.816858 | 1.000000 | 0.775538 | 0.826502 | 0.833389 | 0.807236 | 0.811494 | 0.816885 | 0.764662 | 0.834708 | 0.765726 | 0.809267 |
| 801120 | 0.739484 | 0.660795 | 0.781011 | 0.661248 | 0.698169 | 0.750595 | 0.775538 | 1.000000 | 0.769727 | 0.773344 | 0.798936 | 0.751114 | 0.767012 | **0.687570** | 0.805133 | 0.747581 | 0.745706 |
| 801130 | 0.872009 | 0.756756 | 0.920206 | 0.765452 | 0.814007 | 0.896773 | 0.826502 | 0.769727 | 1.000000 | 0.932267 | 0.880875 | 0.882830 | 0.875970 | 0.812267 | 0.918976 | 0.846859 | 0.932522*|
| 801140 | 0.870476 | 0.762665 | 0.924888 | 0.776461 | 0.819595 | 0.908135 | 0.833389 | 0.773344 | 0.932267 | 1.000000 | 0.884695 | 0.882871 | 0.881910 | 0.803073 | 0.916775 | 0.851382 | 0.930788 |
| 801150 | 0.835356 | 0.687197 | 0.871855 | 0.692715 | 0.740688 | 0.875306 | 0.807236 | 0.798936 | 0.880875 | 0.884695 | 1.000000 | 0.835155 | 0.813188 | 0.729357 | 0.881986 | 0.815373 | 0.865528 |
| 801160 | 0.823352 | 0.788308 | 0.904017 | 0.805749 | 0.801390 | 0.847730 | 0.811494 | 0.751114 | 0.882830 | 0.882871 | 0.835155 | 1.000000 | 0.894201 | 0.790232 | 0.876076 | 0.791522 | 0.874001 |
| 801170 | 0.806956 | 0.798707 | 0.895110 | 0.820474 | 0.804537 | 0.824650 | 0.816885 | 0.767012 | 0.875970 | 0.881910 | 0.813188 | 0.894201 | 1.000000 | 0.813643 | 0.880465 | 0.803223 | 0.862526 |
| 801180 | 0.734731 | 0.723498 | 0.814771 | 0.736941 | 0.738586 | 0.752835 | 0.764662 | 0.687570 | 0.812267 | 0.803073 | 0.729357 | 0.790232 | 0.813643 | 1.000000 | 0.814399 | 0.784357 | 0.814959 |
| 801200 | 0.860790 | 0.764325 | 0.913139 | 0.759204 | 0.815512 | 0.885854 | 0.834708 | 0.805133 | 0.918976 | 0.916775 | 0.881986 | 0.876076 | 0.880465 | 0.814399 | 1.000000 | 0.849476 | 0.913575 |
| 801210 | 0.787732 | 0.676132 | 0.829217 | 0.679198 | 0.730497 | 0.822261 | 0.765726 | 0.747581 | 0.846859 | 0.851382 | 0.815373 | 0.791522 | 0.803223 | 0.784357 | 0.849476 | 1.000000 | 0.840154 |
| 801230 | 0.862702 | 0.748665 | 0.910768 | 0.746847 | 0.811835 | 0.907084 | 0.809267 | 0.745706 | 0.932522 | 0.930788 | 0.865528 | 0.874001 | 0.862526 | 0.814959 | 0.913575 | 0.840154 | 1.000000 |

801120 食品饮料 801150 医药生物 差异性比较大

<canvas id="chart01"></canvas>
<canvas id="chart02"></canvas>
钢铁和有色金属的市盈率 怎么长得这么奇怪
<canvas id="chart03"></canvas>

<script>
loadData('/index/industry/Price.csv')(drawTimeSeries({

        el: 'chart01',
        labels: [801010, 801020, 801030, 801040, 801050, 801080, 801110, 801120, 801130, 801140, 801150, 801160, 801170, 801180, 801200, 801210, 801230],
        label_text: ['801010 农林牧渔','801020 采掘','801030 化工','801040 钢铁','801050 有色金属','801080 电子元器件','801110 家用电器','801120 食品饮料','801130 纺织服装','801140 轻工制造','801150 医药生物','801160 公用事业','801170 交通运输','801180 房地产','801200 商业贸易','801210 餐饮旅游','801230 综合'],
        title: '价格',
        x: data => data.map(_ => new Date(_['发布日期'])),

}))

loadData('/index/industry/PE.csv')(drawTimeSeries({

        el: 'chart02', 
        labels: [801010, 801020, 801030, 801040, 801050, 801080, 801110, 801120, 801130, 801140, 801150, 801160, 801170, 801180, 801200, 801210, 801230], 
        label_text: ['801010 农林牧渔','801020 采掘','801030 化工','801040 钢铁','801050 有色金属','801080 电子元器件','801110 家用电器','801120 食品饮料','801130 纺织服装','801140 轻工制造','801150 医药生物','801160 公用事业','801170 交通运输','801180 房地产','801200 商业贸易','801210 餐饮旅游','801230 综合'], 
        title: '市盈率', 
        x: data => data.map(_ => new Date(_['发布日期'])), 

}))

loadData('/index/industry/PB.csv')(drawTimeSeries({

        el: 'chart03', 
        labels: [801010, 801020, 801030, 801040, 801050, 801080, 801110, 801120, 801130, 801140, 801150, 801160, 801170, 801180, 801200, 801210, 801230], 
        label_text: ['801010 农林牧渔','801020 采掘','801030 化工','801040 钢铁','801050 有色金属','801080 电子元器件','801110 家用电器','801120 食品饮料','801130 纺织服装','801140 轻工制造','801150 医药生物','801160 公用事业','801170 交通运输','801180 房地产','801200 商业贸易','801210 餐饮旅游','801230 综合'], 
        title: '市净率', 
        x: data => data.map(_ => new Date(_['发布日期'])), 

}))
</script>

